501802162799
30177397308289
4915671064159035
2423758330230614
213139621393775
2226344772813552
2715797815052892
4575891570809113237
6011200295019046
4373742477786
6011986841683893
6011511984427807
3555895389578788
501886768867
4191297374988
4358417687524203
4080458548761266
2255967506062726
630449554983
4584048520008645
4164476853123863
4441178557925636
372091775491599
180000553599350
3503149993321893
4204399384628022
348481579933808
6011799642476015
213145644614873
3544616325058410
5544343466477904
4718787923328
180038732257466
3502388920781958
639005029256
3588479349639526
3552705705863728
2537561174205053
4779185182215624261
6551846910329255
4620435247093404
6593306877800897
6554390915158648
4711936213204
3531560682579375
4475659346560718
379251463740680
4124260014950
348465220099192
675916380677
